   26.276626    29.096010    43.845977    40.734339     5.176234     6.210327
   32.669556    31.088117    48.059303    46.201212     6.445528     6.530064
   36.447192    27.487771    39.871214    34.982723     6.819846     4.961610
   24.932039    30.873894    39.496558    38.719726     5.603750     5.031331
   30.570684    41.009999    50.128701    45.582196     5.460273     6.413215
   31.764009    33.228449    45.807866    41.994274     6.218569     5.846615
   32.687544    36.334237    46.140252    45.366758     5.113112     6.053415
   31.331721    40.790372    45.259258    45.878539     5.964677     7.222964
   35.297220    38.430605    51.303261    50.944654     7.885249     6.197666
   31.350825    29.612792    42.751246    40.392412     5.553917     5.840548
   29.818806    35.380715    40.081859    39.219885     6.146587     6.057943
   22.094098    29.754092    41.264404    34.332416     6.334455     4.842209
   27.009917    28.754917    35.827630    33.121239     5.042541     5.749800
   28.944850    31.840746    38.723166    45.171444     5.460970     5.176329
   35.576576    24.901670    46.829262    42.883071     5.707994     4.480533
   31.114594    28.750963    44.587557    33.626471     3.720423     4.829928
   32.338586    31.761463    51.128429    52.299741     6.258539     6.368147
   29.816027    34.907414    38.695785    39.485022     5.376228     5.228748
   20.294550    30.557390    40.814249    38.385063     5.908284     5.596546
   33.714801    41.430743    51.619580    50.476575     7.591360     6.070576
   26.314213    30.179427    33.412017    38.929094     5.104856     5.604698
   32.618450    36.586848    44.048027    40.587813     6.249936     6.862569
   28.161263    33.511484    41.964890    44.819519     6.070941     5.449312
   28.433528    28.056573    34.576154    34.217606     4.841001     6.218164
   34.284184    38.737057    39.982261    40.512126     6.652194     7.051571
   32.749762    38.175053    44.404159    48.848562     5.361447     6.779898
   33.284767    38.819768    45.977500    48.471428     6.097690     6.408320
   26.582582    33.864131    40.824585    40.677388     6.117491     5.474733
   34.215265    36.618979    40.265911    39.819169     5.576842     6.769462
   37.404653    38.827144    42.496284    46.719810     6.681959     4.857452
   34.476412    36.816753    48.209992    47.614202     5.249356     4.737825
   24.592417    26.547696    33.893979    31.062650     4.998887     5.656699
   28.849578    33.238252    44.462445    42.292134     5.085647     5.517410
   37.502205    41.166993    52.685253    55.251854     7.678191     6.493382
   38.033686    33.291744    43.126748    38.597008     5.361961     6.752313
   28.308442    35.262466    46.519598    39.806147     5.671605     6.117210
   34.560143    27.128271    42.011847    36.472594     6.410482     5.068132
   25.065247    30.382995    39.300606    40.534812     6.024111     5.598377
   34.603316    31.419526    40.412884    28.158359     5.494889     4.272773
   30.459302    36.770547    42.481171    45.564201     5.163035     7.000812
   29.079255    34.454868    44.450713    44.202604     6.213460     6.251208
   36.711021    33.782100    42.855965    37.156975     6.612881     5.262371
   30.048306    34.299404    46.360208    45.084158     5.283317     6.392047
   35.712662    33.772797    42.423365    40.784362     6.092465     5.487525
   28.108223    32.119985    40.630634    39.815176     5.448609     5.563183
   32.078970    30.290624    38.395103    40.755129     5.446383     5.332643
   22.506938    19.236953    32.166496    32.233247     5.098012     3.742540
   34.169775    31.463394    46.672205    41.911989     5.721803     6.019796
   30.560638    35.459751    47.980995    48.999273     6.316069     6.404731
   27.142116    31.901402    39.173017    39.436175     5.330306     5.284758
   29.138979    27.014365    40.551926    39.008250     5.301881     5.064549
   22.055776    38.796103    42.383728    44.117463     5.574266     6.576877
   31.069974    37.313576    47.169006    44.312520     7.214366     4.932035
   31.191055    32.968114    47.087340    42.425031     6.371841     6.614470
   22.387260    29.966177    38.083160    42.146529     4.322748     6.089244
   31.914246    33.901640    47.233305    43.928042     6.095105     6.241083
   34.667649    46.445660    49.116787    52.320140     5.676024     6.164084
   35.280207    38.045802    51.571351    45.807915     6.798257     6.717351
   37.644073    44.601112    47.453008    46.437757     5.630319     5.792005
   33.100191    35.096268    52.935803    45.438523     6.632412     7.522225
   31.626833    24.562075    45.832815    45.235842     5.397541     5.782498
   33.801318    43.309565    49.153960    54.389768     6.923545     7.271682
   29.573635    32.906746    36.510309    45.628500     6.235865     5.069069
   33.538756    34.761091    44.570244    36.756847     6.026973     6.177972
   27.600473    23.793954    43.873051    36.844511     5.936037     5.184119
   28.032847    36.173153    38.534843    42.070237     6.775942     5.490950
   36.273049    36.144296    49.535213    40.115106     6.632875     7.062372
   27.825891    41.313627    46.752173    47.683922     6.905982     7.229000
   29.548750    32.125725    38.846625    35.685935     5.091213     5.517614
   34.048672    28.009582    47.554457    34.848530     7.836602     5.562899
   30.916964    36.749533    40.905575    41.619848     5.832413     6.529009
   31.515544    38.379220    50.951513    47.649590     6.187602     6.955699
   33.451115    43.633358    49.624158    50.110650     6.467155     6.322608
   38.337951    30.086746    48.285258    42.133921     7.863905     5.995866
   27.053045    36.052666    42.445997    45.182555     7.204004     4.985954
   23.155968    30.599625    43.895874    44.364789     5.739080     5.637489
   22.730536    25.959682    30.156133    38.264871     5.231623     4.826448
   33.019819    29.638375    44.196504    44.189975     5.027926     5.590633
   39.396422    32.132862    49.842755    38.838803     6.681574     5.201958
   27.535012    28.716068    40.994411    41.026301     5.442057     5.052767
   25.316912    37.141012    42.325330    46.957715     5.924385     5.649640
   27.256968    31.684563    38.650085    31.974763     6.309874     5.635159
   38.688732    34.545057    42.734040    45.148768     5.949931     6.311364
   24.631567    27.725830    39.134930    38.426325     4.911480     4.584543
   28.307634    35.081985    45.522965    43.171801     5.962543     5.797270
   32.159375    37.509354    41.454615    45.855706     6.874260     4.248733
   25.611042    35.906338    42.473240    41.041055     6.795013     5.771569
   38.123022    37.322813    48.871723    42.900036     6.914813     5.872504
   32.896223    32.291333    44.891793    37.307877     5.713268     5.766636
   35.552063    30.892397    47.604031    45.025225     6.558974     6.034854
